# v_cm v_tan, v_rad n_tot x_cm y_cm z_cm
312.322510 61.669670 -121.726913 1392.030029 105402.703125 59057.554688 123796.203125
197.259430 89.910950 -90.017624 851.966431 186720.812500 10239.306641 176259.781250
253.428726 163.245041 -66.506561 877.964722 128596.257812 195314.125000 9166.121094
206.714737 122.238518 -96.419189 737.695190 63304.867188 167650.703125 147503.859375
390.637756 85.170311 -91.501602 772.129395 98423.429688 145666.703125 158991.515625
684.451538 52.363495 -83.298012 877.163574 159082.062500 87636.968750 59579.820312
133.862793 76.829353 -99.762436 894.703491 57041.187500 59572.828125 21855.917969
407.532318 114.105339 -44.460976 646.491211 25196.515625 177709.031250 131840.843750
231.265167 131.076691 -13.038666 695.533508 111235.625000 189527.593750 29582.916016
516.355286 37.354351 -95.914246 591.129639 16018.523438 74485.609375 150010.281250
338.743011 172.389893 -62.677391 639.818726 180746.406250 35138.671875 983.010010
386.749512 111.337975 -64.257408 489.920593 18462.371094 83065.296875 69193.734375
155.182404 174.242447 -19.460304 714.645447 184710.390625 15963.990234 173787.984375
203.464752 146.937119 -151.178879 427.180450 78900.796875 142265.515625 47653.316406
270.112732 113.744102 -58.170494 778.049072 48637.550781 191104.484375 93689.359375
478.107971 176.904099 -98.267693 790.036011 204296.656250 103370.296875 133334.656250
330.268890 98.982834 -143.074387 616.826172 65052.679688 131187.562500 111772.328125
96.041283 122.740120 -35.549416 704.672607 130665.078125 33291.175781 136068.562500
472.609833 53.984482 -96.104988 665.737305 31360.531250 48331.015625 171901.671875
317.448456 33.695499 -148.227615 591.769409 67616.523438 176876.953125 35495.539062
441.869049 144.964340 -13.172646 480.751129 141941.531250 91959.437500 13425.784180
376.450256 79.915115 -74.381264 634.177185 120890.468750 41176.605469 184014.875000
222.889145 130.309219 -67.262993 454.210876 198442.937500 192102.031250 138447.984375
216.614151 112.225731 -90.708969 435.570068 126063.156250 182187.609375 181673.671875
424.773651 120.838242 -50.791954 730.412415 76535.187500 135759.375000 81534.968750
336.271942 59.683540 -212.638794 581.873535 62681.351562 132777.687500 54243.902344
174.285629 179.556839 -55.560616 613.523682 126452.101562 62908.339844 90032.203125
330.590851 46.701385 -99.610298 558.471619 34644.359375 104135.640625 176537.343750
393.435852 51.019814 -91.932991 568.392456 181082.812500 45579.750000 173538.875000
172.409363 94.386131 -141.656586 645.320190 86888.296875 143010.453125 16292.156250
52.803043 130.508514 -17.708763 544.950195 168243.875000 186483.968750 114905.937500
217.706543 126.320648 -94.695625 700.262878 69823.320312 43446.062500 68344.625000
268.013733 32.196205 -98.578888 549.931274 149178.250000 42084.351562 194367.312500
274.943085 60.632893 -97.235260 575.842468 130608.421875 141408.703125 156410.687500
297.297455 51.697342 -90.937019 571.617493 85678.437500 150530.453125 25135.699219
235.619965 85.133499 -100.911224 606.236206 121236.476562 197390.500000 35802.878906
114.531013 122.442169 -11.156502 669.115601 51852.878906 188774.593750 75277.421875
261.897797 124.543076 -8.875626 458.212402 186616.812500 159460.515625 33042.996094
703.863708 29.181778 -38.212021 461.197540 9863.503906 72451.984375 203186.328125
405.017181 102.799934 -51.284599 566.038208 61716.453125 58516.921875 44304.054688
216.620316 70.873413 -64.948883 624.256714 127697.609375 71757.656250 55587.210938
338.680145 25.006210 -52.947906 510.140991 71947.843750 199867.421875 56864.382812
593.027649 89.315712 -67.168976 645.411621 66136.195312 34204.632812 171745.156250
418.783051 290.073395 -84.601631 364.880676 994.801514 10215.706055 42677.390625
360.616028 121.088585 -3.657585 424.690735 2028.908447 139376.984375 94380.437500
377.921509 74.417664 -75.227562 586.276672 155409.640625 178948.250000 66611.523438
178.253632 8.173055 -73.556526 525.784729 76221.359375 114144.226562 36430.742188
541.575928 37.754940 -34.572159 546.611938 51566.640625 112928.218750 177207.359375
299.500397 121.562233 -34.587788 457.267090 69697.968750 28274.865234 64224.234375
834.187439 207.479935 -119.316566 472.206970 164769.312500 165832.031250 63526.617188
196.606369 12.106542 -114.633476 538.275635 158935.781250 35702.257812 9187.614258
176.445007 55.251778 -2.008163 493.778839 45521.273438 74031.156250 95146.656250
285.806091 305.774353 -121.747627 485.703369 93830.921875 126270.921875 128658.226562
276.174164 30.316446 -16.495766 457.516632 150044.078125 204439.796875 31894.158203
196.324814 42.702595 -43.695114 507.419708 70318.453125 96432.070312 181097.859375
340.026917 137.485580 -126.476631 524.389771 162357.437500 128305.562500 10160.034180
196.976089 55.431873 -31.171661 441.844910 165211.125000 129207.828125 112551.757812
206.160767 92.074478 -108.544518 369.219604 197335.218750 42371.453125 99741.640625
506.987671 125.012199 -36.821014 482.529114 144694.656250 77186.742188 167672.625000
461.224976 29.410351 -48.459587 382.081238 138618.718750 104138.757812 27834.539062
449.002930 65.718605 -15.374062 396.343750 173683.046875 82415.757812 192121.031250
207.624771 17.186733 -16.879364 420.516968 107908.578125 136303.843750 68504.828125
414.848755 22.885735 -30.204826 455.548340 118696.421875 37237.980469 177982.953125
418.944885 132.065659 -146.818069 468.634216 129285.015625 61732.132812 123415.625000
432.053040 22.854691 -43.076797 389.151794 20223.925781 141417.156250 93282.218750
436.724518 134.328217 -44.103188 518.205383 107669.640625 195194.187500 162893.015625
249.474289 6.012032 -52.121658 458.575806 116744.687500 172688.062500 11704.245117
532.546509 43.419544 -62.281647 516.022217 87188.179688 117695.859375 79455.171875
372.262512 87.203133 -42.957123 296.645508 174573.343750 73846.281250 181636.828125
222.040222 73.903893 -60.528526 359.373871 108295.796875 98695.109375 16414.216797
351.547729 64.142220 -74.298340 362.056152 107195.156250 152740.468750 182590.453125
251.802475 32.300407 -56.207893 349.626251 61579.429688 171823.343750 189622.375000
709.920715 146.231766 -9.708839 427.163361 184740.375000 130871.156250 1477.222534
354.063171 54.884663 -44.703911 472.539948 118309.320312 4157.292480 110156.031250
303.149689 48.470051 -41.688866 343.414551 65949.820312 100341.593750 170998.046875
299.039185 108.369644 -26.568253 333.816376 118999.562500 67857.421875 68471.234375
163.597229 52.027245 -72.429848 399.818298 174690.140625 143487.500000 49716.492188
483.087891 101.345703 -32.769936 366.354980 109742.328125 121334.781250 185391.546875
352.477448 41.956219 -18.650787 380.310608 55448.757812 13660.082031 80356.468750
347.870178 104.329979 -36.124901 322.934601 49210.718750 7337.133789 147879.953125
319.762512 63.410385 -68.363960 341.484406 151971.062500 135508.171875 120238.781250
658.107605 104.929535 -25.720306 367.762634 15338.941406 13494.539062 123912.781250
191.946716 93.207191 -51.416725 354.503601 202138.562500 139527.312500 116244.859375
334.760376 30.142305 -96.465813 323.142090 41540.062500 74579.210938 63983.769531
206.279404 53.371178 -75.932198 397.442383 198228.125000 96164.281250 151088.500000
312.809082 6.697641 -45.982445 360.369995 21903.849609 197942.718750 167895.531250
492.872223 125.469116 -24.553909 413.490662 41508.984375 180042.078125 106470.843750
637.790955 31.924578 -23.348488 299.549835 22309.349609 95061.390625 97477.921875
551.199158 346.158508 -81.700752 387.316284 117496.085938 130937.046875 180650.406250
118.220566 6.316366 -2.404167 340.068359 185073.281250 173714.156250 5614.248047
205.755386 66.571648 -41.007759 391.863525 61240.457031 94522.312500 175429.937500
612.274597 69.680000 -67.775749 332.168030 13408.695312 178756.078125 52023.367188
488.074890 56.628620 -50.046333 392.550079 56491.632812 12846.770508 108444.812500
495.883881 110.710869 -80.511078 382.420532 100994.250000 31154.082031 140847.375000
384.925110 99.184692 -100.263084 312.237976 28143.460938 114585.734375 22483.808594
576.976990 48.095284 -14.703033 393.478363 82653.968750 137440.296875 178734.468750
276.245850 154.816605 -124.195442 195.882217 178357.781250 154383.875000 48907.421875
349.586639 156.464096 -27.967922 334.689178 153103.968750 155985.062500 9060.384766
469.506165 39.074348 -165.926788 384.227417 46424.437500 97106.343750 40126.757812
442.054718 165.746765 -36.853897 392.308289 28997.656250 72443.390625 137737.828125
403.997742 15.388459 -5.608177 366.926331 73033.289062 160050.437500 109610.078125
429.330139 73.929825 -59.516586 354.535217 24069.406250 203074.250000 177181.656250
348.226105 104.980522 -86.672615 343.446198 160562.375000 33745.414062 41004.867188
189.093216 26.035320 -22.146355 360.319885 203272.578125 128091.195312 96978.140625
643.322449 105.353737 -22.577023 339.682007 60467.632812 49726.714844 129669.171875
415.452545 19.751137 -10.283852 313.977234 24479.009766 84424.343750 113563.570312
413.008209 177.928085 -174.465973 391.522827 62517.917969 93823.195312 102012.453125
108.233177 37.073631 -22.692169 413.514923 182788.812500 564.545959 76202.929688
361.455200 34.743008 -9.281609 331.574341 199677.531250 203631.406250 200047.656250
361.364594 58.635086 -9.976990 380.318176 31574.568359 63858.777344 169183.843750
432.779266 43.521412 -71.277863 372.900330 152869.937500 11753.589844 81856.859375
560.682678 70.384285 -57.757515 318.883179 76319.132812 198529.468750 77276.398438
352.260529 103.743942 -43.136787 296.996704 179174.875000 97679.218750 57539.597656
505.292480 58.747017 -13.465881 299.062805 31464.035156 81140.695312 156318.375000
755.374512 152.820908 -8.440208 352.713562 27749.896484 37705.593750 158859.343750
268.733856 66.841675 -30.826477 239.682602 4882.435547 172834.000000 155662.093750
418.491089 62.302143 -24.614155 336.977905 79213.851562 54510.507812 132284.234375
661.231323 122.993530 -77.702515 317.967377 130146.031250 173319.125000 76019.468750
348.258850 171.118134 -91.311539 266.224670 106794.375000 70405.359375 122580.148438
184.057678 134.701309 -89.767998 353.369812 64795.117188 90597.968750 178919.812500
281.513306 91.906822 -43.816826 352.165894 201960.125000 121193.390625 70101.500000
470.308380 61.145798 -35.418247 277.702881 82363.695312 124883.054688 183217.046875
275.962555 91.503860 -77.117111 320.240326 170048.765625 57577.148438 127962.234375
59.125618 87.520035 -1.381607 297.919067 58316.417969 145883.187500 103946.039062
115.904533 58.346050 -110.809708 299.786072 133873.828125 59565.000000 110815.632812
291.200775 43.929077 -89.400642 301.480713 39685.750000 79246.343750 151482.000000
573.175110 77.125305 -44.005188 311.904602 148638.328125 116766.960938 174839.718750
306.350891 40.601604 -64.442619 303.676666 109523.562500 200376.531250 68170.781250
268.351898 23.935461 -4.992706 281.484985 53134.765625 178156.625000 11630.043945
268.454254 117.749504 -71.683685 341.849274 52181.242188 37755.210938 190647.531250
385.573120 31.832140 -50.399292 291.642456 36481.812500 123790.859375 181796.875000
333.042694 29.233820 -11.644009 267.251770 70059.578125 132049.671875 171998.625000
164.188004 110.736687 -7.761566 267.889587 122058.476562 123501.578125 58289.585938
