0.0001 300.7746525288289
0.0005061224489795919 297.7977112988373
0.0009122448979591837 292.1411831785151
0.0013183673469387756 284.9370820847218
0.0017244897959183675 276.9067848099443
0.002130612244897959 268.4840837158323
0.002536734693877551 260.17559551920897
0.0029428571428571425 252.10895592871768
0.0033489795918367348 244.64956020134892
0.0037551020408163266 237.44921437775113
0.004161224489795919 230.8413935350585
0.004567346938775511 224.56011246548925
0.004973469387755103 218.83723212904977
0.005379591836734694 213.11467011989964
0.005785714285714286 207.78982279002884
0.006191836734693879 202.45947602525897
0.006597959183673469 197.34235278107533
0.007004081632653062 192.47222340138907
0.007410204081632654 187.4067355080262
0.007816326530612245 182.66479107217802
0.008222448979591837 178.0565411445948
0.008628571428571428 173.3720688662536
0.00903469387755102 169.18233587011056
0.009440816326530613 165.0065664093539
0.009846938775510204 160.87848899696945
0.010253061224489796 157.32458763703983
0.010659183673469387 153.83150161634177
0.01106530612244898 150.39346653294325
0.011471428571428572 147.235109942986
0.011877551020408163 144.3298438755025
0.012283673469387756 141.16930577671408
0.012689795918367346 138.46561545600207
0.013095918367346939 135.4692248495829
0.01350204081632653 132.67134858553183
0.013908163265306122 130.085019044177
0.014314285714285717 127.20042676326896
0.014720408163265307 124.5550012642357
0.0151265306122449 121.90453868610938
0.015532653061224491 119.53006874632179
0.015938775510204083 116.92003923416851
0.016344897959183674 114.60741613009495
0.016751020408163262 112.33507338740289
0.017157142857142857 110.34926266845798
0.017563265306122452 108.14898146381368
0.017969387755102043 106.21583303337171
0.018375510204081635 104.29492335993945
0.018781632653061226 102.37674500622298
0.019187755102040818 100.45249273690447
0.01959387755102041 98.51550585538367
0.020000000000000004 96.80751302725848
